msg_blocks=2
01100001011000010110000101100001
01100001011000010110000101100001
01100001011000010110000101100001
01100001011000010110000101100001
01100001011000010110000101100001
01100001011000010110000101100001
01100001011000010110000101100001
01100001011000010110000101100001
01100001011000010110000101100001
01100001011000010110000101100001
01100001011000010110000101100001
01100001011000010110000101100001
01100001011000010110000101100001
01100001011000010110000101100001
01100001011000010110000110000000
00000000000000000000000000000000
00000000000000000000000000000000
00000000000000000000000000000000
00000000000000000000000000000000
00000000000000000000000000000000
00000000000000000000000000000000
00000000000000000000000000000000
00000000000000000000000000000000
00000000000000000000000000000000
00000000000000000000000000000000
00000000000000000000000000000000
00000000000000000000000000000000
00000000000000000000000000000000
00000000000000000000000000000000
00000000000000000000000000000000
00000000000000000000000000000000
00000000000000000000000111011000
111bb261
277afd65
f0744b24
7cd3e47d
386d7156
3d0ed995
517807d5
ebd4fba3